
-------------
|869|271|543|
|175|394|286|
|423|658|179|
-------------
|350|007|000|
|000|045|700|
|000|100|030|
-------------
|008|500|010|
|090|000|400|
|001|000|068|
-------------

-------------
|869|254|173|
|175|893|246|
|243|671|000|
-------------
|050|007|000|
|000|045|700|
|000|100|030|
-------------
|008|500|010|
|090|000|400|
|001|000|068|
-------------

-------------
|869|254|173|
|175|398|246|
|243|671|905|
-------------
|050|007|000|
|000|045|700|
|000|100|030|
-------------
|090|000|427|
|008|500|310|
|001|000|568|
-------------

-------------
|869|271|543|
|175|394|286|
|243|658|000|
-------------
|050|007|000|
|000|045|700|
|000|100|030|
-------------
|008|500|010|
|090|000|400|
|001|000|068|
-------------

-------------
|869|254|173|
|475|391|286|
|123|678|549|
-------------
|354|007|000|
|080|100|030|
|000|045|700|
-------------
|008|500|010|
|090|000|400|
|001|000|068|
-------------

-------------
|869|254|173|
|475|391|286|
|123|678|594|
-------------
|050|007|000|
|000|045|720|
|000|100|030|
-------------
|090|000|450|
|008|500|010|
|001|000|068|
-------------

-------------
|869|254|173|
|475|391|286|
|123|678|900|
-------------
|050|007|000|
|000|045|700|
|000|100|030|
-------------
|090|000|427|
|008|500|310|
|001|000|568|
-------------

-------------
|869|254|173|
|174|090|200|
|023|600|000|
-------------
|050|007|000|
|000|045|700|
|000|100|030|
-------------
|008|500|010|
|090|000|400|
|001|000|068|
-------------

-------------
|862|714|593|
|175|090|200|
|043|600|000|
-------------
|050|007|000|
|000|045|700|
|000|100|030|
-------------
|008|500|010|
|090|000|400|
|001|000|068|
-------------

-------------
|869|254|173|
|175|893|246|
|423|671|895|
-------------
|050|007|000|
|000|045|700|
|000|100|030|
-------------
|008|500|010|
|090|000|400|
|001|000|068|
-------------

-------------
|869|253|100|
|070|090|200|
|003|600|000|
-------------
|050|007|000|
|000|045|700|
|000|100|030|
-------------
|008|500|010|
|090|000|400|
|001|000|068|
-------------

-------------
|869|251|300|
|070|090|200|
|003|600|000|
-------------
|050|007|000|
|000|045|700|
|000|100|030|
-------------
|008|500|910|
|001|000|568|
|090|000|400|
-------------

-------------
|869|271|300|
|070|090|200|
|003|600|000|
-------------
|050|007|000|
|000|045|700|
|000|100|030|
-------------
|008|500|910|
|001|000|568|
|090|000|400|
-------------

-------------
|869|254|173|
|175|398|246|
|243|671|895|
-------------
|950|807|620|
|000|945|781|
|000|100|030|
-------------
|090|700|452|
|001|400|068|
|008|500|010|
-------------

-------------
|869|254|173|
|175|398|246|
|243|671|859|
-------------
|354|807|090|
|000|945|780|
|000|100|030|
-------------
|090|700|425|
|008|500|017|
|001|400|068|
-------------

-------------
|869|273|000|
|070|090|200|
|003|600|000|
-------------
|050|007|000|
|000|045|700|
|000|100|030|
-------------
|008|500|010|
|090|000|400|
|001|000|068|
-------------

-------------
|869|254|173|
|175|398|246|
|243|671|895|
-------------
|350|007|000|
|000|045|700|
|000|100|030|
-------------
|008|500|010|
|090|000|400|
|001|000|068|
-------------

-------------
|862|731|945|
|070|090|200|
|003|600|000|
-------------
|050|007|000|
|000|045|700|
|000|100|030|
-------------
|008|500|310|
|001|000|568|
|090|000|400|
-------------

-------------
|869|254|173|
|175|398|246|
|243|671|895|
-------------
|450|007|000|
|000|045|700|
|000|100|030|
-------------
|008|500|010|
|090|000|400|
|001|000|068|
-------------

-------------
|862|714|953|
|070|090|200|
|003|600|000|
-------------
|050|007|000|
|000|045|700|
|000|100|030|
-------------
|008|500|310|
|001|000|568|
|090|000|400|
-------------

-------------
|862|734|591|
|070|891|240|
|003|652|007|
-------------
|050|007|000|
|000|045|700|
|000|100|030|
-------------
|008|500|010|
|090|000|400|
|001|000|068|
-------------

-------------
|862|734|100|
|070|891|200|
|003|652|000|
-------------
|050|007|000|
|000|045|700|
|000|100|030|
-------------
|008|500|010|
|090|000|400|
|001|000|068|
-------------

-------------
|862|713|000|
|070|090|200|
|003|600|000|
-------------
|050|007|000|
|000|045|700|
|000|100|030|
-------------
|008|500|010|
|090|000|400|
|001|000|068|
-------------

-------------
|862|400|000|
|070|090|200|
|003|600|000|
-------------
|050|007|000|
|000|045|700|
|000|100|030|
-------------
|008|500|010|
|090|000|400|
|001|000|068|
-------------

-------------
|175|893|246|
|864|251|973|
|923|674|000|
-------------
|050|007|000|
|000|045|700|
|000|100|030|
-------------
|090|000|427|
|008|500|310|
|001|000|568|
-------------

-------------
|869|254|173|
|175|893|246|
|423|671|859|
-------------
|250|007|000|
|006|045|700|
|000|100|030|
-------------
|097|300|425|
|001|029|368|
|008|500|017|
-------------

-------------
|175|893|246|
|864|271|300|
|923|654|000|
-------------
|050|007|000|
|000|045|700|
|000|100|030|
-------------
|008|500|910|
|001|000|568|
|090|000|400|
-------------

-------------
|175|893|246|
|864|271|953|
|923|654|000|
-------------
|050|007|000|
|000|045|700|
|000|100|030|
-------------
|008|500|310|
|001|000|568|
|090|000|400|
-------------

-------------
|869|254|173|
|175|893|246|
|423|671|859|
-------------
|350|907|680|
|000|345|790|
|000|100|030|
-------------
|090|700|425|
|008|500|017|
|001|400|068|
-------------

-------------
|869|213|500|
|070|090|200|
|003|600|000|
-------------
|050|007|000|
|000|045|700|
|000|100|030|
-------------
|008|500|010|
|090|000|400|
|001|000|068|
-------------

-------------
|820|000|000|
|070|090|200|
|003|600|000|
-------------
|050|007|000|
|000|045|700|
|000|100|030|
-------------
|008|500|010|
|090|000|400|
|001|000|068|
-------------

-------------
|810|000|000|
|070|090|200|
|003|600|000|
-------------
|050|007|000|
|000|045|700|
|000|100|030|
-------------
|008|500|010|
|090|000|400|
|001|000|068|
-------------

-------------
|862|714|395|
|070|090|200|
|003|600|000|
-------------
|050|007|000|
|000|045|700|
|000|100|030|
-------------
|008|500|910|
|001|000|568|
|090|000|400|
-------------