211 boards

-------------
|987|654|321|
|654|312|798|
|321|798|654|
-------------
|896|571|432|
|745|923|186|
|213|486|975|
-------------
|162|837|549|
|578|149|263|
|439|265|817|
-------------

-------------
|987|654|321|
|654|312|798|
|321|798|654|
-------------
|896|571|432|
|745|923|186|
|213|486|975|
-------------
|162|837|549|
|538|149|267|
|479|265|813|
-------------

-------------
|987|654|321|
|654|312|798|
|321|798|654|
-------------
|896|571|432|
|745|923|186|
|213|486|975|
-------------
|168|237|549|
|532|149|867|
|479|865|213|
-------------

-------------
|987|654|321|
|654|312|798|
|321|798|654|
-------------
|896|571|432|
|745|923|186|
|213|486|975|
-------------
|538|147|269|
|479|265|813|
|162|839|547|
-------------

-------------
|987|654|321|
|654|312|798|
|321|798|654|
-------------
|896|571|432|
|745|923|186|
|213|486|975|
-------------
|538|149|267|
|479|265|813|
|162|837|549|
-------------

-------------
|987|654|321|
|654|312|798|
|321|798|654|
-------------
|896|571|432|
|745|923|186|
|213|486|975|
-------------
|538|149|267|
|462|837|519|
|179|265|843|
-------------

-------------
|987|654|321|
|654|312|798|
|321|798|654|
-------------
|896|571|432|
|745|923|186|
|213|486|975|
-------------
|538|147|269|
|472|869|513|
|169|235|847|
-------------

-------------
|987|654|321|
|654|312|798|
|321|798|654|
-------------
|896|571|432|
|745|923|186|
|213|486|975|
-------------
|538|169|247|
|179|245|863|
|462|837|519|
-------------

-------------
|987|654|321|
|654|312|798|
|321|798|654|
-------------
|896|571|432|
|745|923|186|
|213|486|579|
-------------
|532|149|867|
|468|237|915|
|179|865|243|
-------------

-------------
|987|654|321|
|654|312|798|
|321|798|654|
-------------
|896|571|432|
|745|923|186|
|213|486|975|
-------------
|538|169|247|
|462|837|519|
|179|245|863|
-------------

-------------
|987|654|321|
|654|312|798|
|321|798|654|
-------------
|896|571|432|
|745|923|186|
|213|486|975|
-------------
|538|149|267|
|162|837|549|
|479|265|813|
-------------

-------------
|987|654|321|
|654|312|798|
|321|798|654|
-------------
|896|571|432|
|745|923|186|
|213|486|975|
-------------
|538|149|267|
|179|265|843|
|462|837|519|
-------------

-------------
|987|654|321|
|654|312|798|
|321|798|654|
-------------
|896|571|432|
|745|923|186|
|213|486|975|
-------------
|538|147|269|
|172|869|543|
|469|235|817|
-------------

-------------
|987|654|321|
|654|312|798|
|321|798|654|
-------------
|896|571|432|
|745|923|186|
|213|486|975|
-------------
|538|147|269|
|179|265|843|
|462|839|517|
-------------

-------------
|987|654|321|
|654|312|798|
|321|798|654|
-------------
|896|571|432|
|745|923|186|
|213|486|975|
-------------
|569|847|213|
|138|269|547|
|472|135|869|
-------------

-------------
|987|654|321|
|654|312|798|
|321|798|654|
-------------
|896|571|432|
|745|923|186|
|213|486|975|
-------------
|569|247|813|
|132|869|547|
|478|135|269|
-------------

-------------
|987|654|321|
|654|312|798|
|321|798|654|
-------------
|896|571|432|
|745|923|186|
|213|486|975|
-------------
|538|147|269|
|172|869|543|
|469|235|817|
-------------

-------------
|987|654|321|
|654|312|798|
|321|798|654|
-------------
|896|571|432|
|745|923|186|
|213|486|975|
-------------
|538|167|249|
|462|839|517|
|179|245|863|
-------------

-------------
|987|654|321|
|654|312|798|
|321|798|654|
-------------
|896|571|432|
|745|923|186|
|213|486|975|
-------------
|538|147|269|
|179|265|843|
|462|839|517|
-------------

-------------
|987|654|321|
|654|312|798|
|321|798|654|
-------------
|896|571|432|
|745|923|186|
|213|486|975|
-------------
|538|167|249|
|469|235|817|
|172|849|563|
-------------

-------------
|987|654|321|
|654|312|798|
|321|798|654|
-------------
|896|571|432|
|745|923|186|
|213|486|975|
-------------
|538|167|249|
|179|245|863|
|462|839|517|
-------------

-------------
|987|654|321|
|654|312|798|
|321|798|654|
-------------
|896|571|432|
|745|923|186|
|213|486|975|
-------------
|538|167|249|
|172|849|563|
|469|235|817|
-------------

-------------
|987|654|321|
|654|312|798|
|321|798|654|
-------------
|896|571|432|
|745|923|186|
|213|486|975|
-------------
|538|147|269|
|479|265|813|
|162|839|547|
-------------

-------------
|987|654|321|
|654|312|798|
|321|798|654|
-------------
|896|571|432|
|745|923|186|
|213|486|975|
-------------
|538|147|269|
|472|869|513|
|169|235|847|
-------------

-------------
|987|654|321|
|654|312|798|
|321|798|654|
-------------
|896|571|432|
|745|923|186|
|213|486|975|
-------------
|569|247|813|
|478|135|269|
|132|869|547|
-------------

-------------
|987|654|321|
|654|312|798|
|321|798|654|
-------------
|896|571|432|
|745|923|186|
|213|486|975|
-------------
|569|847|213|
|472|135|869|
|138|269|547|
-------------

-------------
|987|654|321|
|654|312|798|
|321|798|654|
-------------
|896|571|432|
|745|923|186|
|213|486|579|
-------------
|532|149|867|
|478|265|913|
|169|837|245|
-------------

-------------
|987|654|321|
|654|312|798|
|321|798|654|
-------------
|896|571|432|
|745|923|186|
|213|486|579|
-------------
|532|149|867|
|168|237|945|
|479|865|213|
-------------

-------------
|987|654|321|
|654|312|798|
|321|798|654|
-------------
|896|571|432|
|745|923|186|
|213|486|579|
-------------
|532|149|867|
|178|265|943|
|469|837|215|
-------------

-------------
|987|654|321|
|654|312|798|
|321|798|654|
-------------
|896|571|432|
|745|923|186|
|213|486|975|
-------------
|532|149|867|
|179|865|243|
|468|237|519|
-------------

-------------
|987|654|321|
|654|312|798|
|321|798|654|
-------------
|896|571|432|
|745|923|186|
|213|486|975|
-------------
|562|137|849|
|179|845|263|
|438|269|517|
-------------

-------------
|987|654|321|
|654|312|798|
|321|798|654|
-------------
|896|571|432|
|745|923|186|
|213|486|975|
-------------
|562|139|847|
|179|845|263|
|438|267|519|
-------------

-------------
|987|654|321|
|654|312|798|
|321|798|654|
-------------
|896|571|432|
|745|923|186|
|213|486|975|
-------------
|562|139|847|
|138|247|569|
|479|865|213|
-------------

-------------
|987|654|321|
|654|312|798|
|321|798|654|
-------------
|896|571|432|
|745|923|186|
|213|486|975|
-------------
|532|149|867|
|479|865|213|
|168|237|549|
-------------

-------------
|987|654|321|
|654|312|798|
|321|798|654|
-------------
|896|571|432|
|745|923|186|
|213|486|975|
-------------
|562|137|849|
|178|249|563|
|439|865|217|
-------------

-------------
|987|654|321|
|654|312|798|
|321|798|654|
-------------
|896|571|432|
|745|923|186|
|213|486|975|
-------------
|562|139|847|
|179|845|263|
|438|267|519|
-------------

-------------
|987|654|321|
|654|312|798|
|321|798|654|
-------------
|896|571|432|
|745|923|186|
|213|486|975|
-------------
|562|137|849|
|139|845|267|
|478|269|513|
-------------

-------------
|987|654|321|
|654|312|798|
|321|798|654|
-------------
|896|571|432|
|745|923|186|
|213|486|579|
-------------
|532|149|867|
|178|265|943|
|469|837|215|
-------------

-------------
|987|654|321|
|654|312|798|
|321|798|654|
-------------
|896|571|432|
|745|923|186|
|213|486|579|
-------------
|532|149|867|
|468|237|915|
|179|865|243|
-------------

-------------
|987|654|321|
|654|312|798|
|321|798|654|
-------------
|896|571|432|
|745|923|186|
|213|486|975|
-------------
|562|137|849|
|179|845|263|
|438|269|517|
-------------

-------------
|987|654|321|
|654|312|798|
|321|798|654|
-------------
|896|571|432|
|745|923|186|
|213|486|975|
-------------
|562|137|849|
|139|845|267|
|478|269|513|
-------------

-------------
|987|654|321|
|654|312|798|
|321|798|654|
-------------
|896|571|432|
|745|923|186|
|213|486|975|
-------------
|562|137|849|
|138|249|567|
|479|865|213|
-------------

-------------
|987|654|321|
|654|312|798|
|321|798|654|
-------------
|896|571|432|
|745|923|186|
|213|486|975|
-------------
|562|137|849|
|138|249|567|
|479|865|213|
-------------

-------------
|987|654|321|
|654|312|798|
|321|798|654|
-------------
|896|571|432|
|745|923|186|
|213|486|975|
-------------
|562|137|849|
|178|249|563|
|439|865|217|
-------------

-------------
|987|654|321|
|654|312|798|
|321|798|654|
-------------
|896|571|432|
|745|923|186|
|213|486|975|
-------------
|562|139|847|
|138|247|569|
|479|865|213|
-------------

-------------
|987|654|321|
|654|312|798|
|321|798|654|
-------------
|896|571|432|
|745|923|186|
|213|486|579|
-------------
|532|149|867|
|478|265|913|
|169|837|245|
-------------

-------------
|987|654|321|
|654|312|798|
|321|798|654|
-------------
|896|571|432|
|745|923|186|
|213|486|579|
-------------
|532|149|867|
|168|237|945|
|479|865|213|
-------------

-------------
|987|654|321|
|654|312|798|
|321|798|654|
-------------
|896|571|432|
|745|923|186|
|213|486|975|
-------------
|532|149|867|
|468|237|519|
|179|865|243|
-------------

-------------
|987|654|321|
|654|312|798|
|321|798|654|
-------------
|896|571|432|
|745|923|186|
|213|486|975|
-------------
|532|149|867|
|168|237|549|
|479|865|213|
-------------

-------------
|987|654|321|
|654|312|798|
|321|798|654|
-------------
|896|571|432|
|745|923|186|
|213|486|579|
-------------
|538|149|267|
|162|837|945|
|479|265|813|
-------------

-------------
|987|654|321|
|654|312|798|
|321|798|654|
-------------
|896|571|432|
|745|923|186|
|213|486|579|
-------------
|538|149|267|
|472|865|913|
|169|237|845|
-------------

-------------
|987|654|321|
|654|312|798|
|321|798|654|
-------------
|896|571|432|
|745|923|186|
|213|486|975|
-------------
|532|147|869|
|178|269|543|
|469|835|217|
-------------

-------------
|987|654|321|
|654|312|798|
|321|798|654|
-------------
|896|571|432|
|745|923|186|
|213|486|975|
-------------
|532|147|869|
|179|865|243|
|468|239|517|
-------------

-------------
|987|654|321|
|654|312|798|
|321|798|654|
-------------
|896|571|432|
|745|923|186|
|213|486|579|
-------------
|532|169|847|
|468|237|915|
|179|845|263|
-------------

-------------
|987|654|321|
|654|312|798|
|321|798|654|
-------------
|896|571|432|
|745|923|186|
|213|486|975|
-------------
|532|147|869|
|478|269|513|
|169|835|247|
-------------

-------------
|987|654|321|
|654|312|798|
|321|798|654|
-------------
|896|571|432|
|745|923|186|
|213|486|975|
-------------
|532|147|869|
|479|865|213|
|168|239|547|
-------------

-------------
|987|654|321|
|654|312|798|
|321|798|654|
-------------
|896|571|432|
|745|923|186|
|213|486|975|
-------------
|532|147|869|
|179|865|243|
|468|239|517|
-------------

-------------
|987|654|321|
|654|312|798|
|321|798|654|
-------------
|896|571|432|
|745|923|186|
|213|486|975|
-------------
|532|147|869|
|178|269|543|
|469|835|217|
-------------

-------------
|987|654|321|
|654|312|798|
|321|798|654|
-------------
|896|571|432|
|745|923|186|
|213|486|975|
-------------
|532|147|869|
|478|269|513|
|169|835|247|
-------------

-------------
|987|654|321|
|654|312|798|
|321|798|654|
-------------
|896|571|432|
|745|923|186|
|213|486|975|
-------------
|532|147|869|
|479|865|213|
|168|239|547|
-------------

-------------
|987|654|321|
|654|312|798|
|321|798|654|
-------------
|896|571|432|
|745|923|186|
|213|486|579|
-------------
|538|149|267|
|172|865|943|
|469|237|815|
-------------

-------------
|987|654|321|
|654|312|798|
|321|798|654|
-------------
|896|571|432|
|745|923|186|
|213|486|579|
-------------
|532|169|847|
|178|245|963|
|469|837|215|
-------------

-------------
|987|654|321|
|654|312|798|
|321|798|654|
-------------
|896|571|432|
|745|923|186|
|213|486|579|
-------------
|538|149|267|
|462|837|915|
|179|265|843|
-------------

-------------
|987|654|321|
|654|312|798|
|321|798|654|
-------------
|896|571|432|
|745|923|186|
|213|486|579|
-------------
|538|169|247|
|172|845|963|
|469|237|815|
-------------

-------------
|987|654|321|
|654|312|798|
|321|798|654|
-------------
|896|571|432|
|745|923|186|
|213|486|579|
-------------
|538|169|247|
|462|837|915|
|179|245|863|
-------------

-------------
|987|654|321|
|654|312|798|
|321|798|654|
-------------
|896|571|432|
|745|923|186|
|213|486|975|
-------------
|532|167|849|
|179|845|263|
|468|239|517|
-------------

-------------
|987|654|321|
|654|312|798|
|321|798|654|
-------------
|896|571|432|
|745|923|186|
|213|486|975|
-------------
|532|167|849|
|469|835|217|
|178|249|563|
-------------

-------------
|987|654|321|
|654|312|798|
|321|798|654|
-------------
|896|571|432|
|745|923|186|
|213|486|975|
-------------
|532|169|847|
|179|845|263|
|468|237|519|
-------------

-------------
|987|654|321|
|654|312|798|
|321|798|654|
-------------
|896|571|432|
|745|923|186|
|213|486|975|
-------------
|532|167|849|
|468|239|517|
|179|845|263|
-------------

-------------
|987|654|321|
|654|312|798|
|321|798|654|
-------------
|896|571|432|
|745|923|186|
|213|486|975|
-------------
|532|167|849|
|178|249|563|
|469|835|217|
-------------

-------------
|987|654|321|
|654|312|798|
|321|798|654|
-------------
|896|571|432|
|745|923|186|
|213|486|975|
-------------
|532|169|847|
|468|237|519|
|179|845|263|
-------------

-------------
|987|654|321|
|654|312|798|
|321|798|654|
-------------
|896|571|432|
|745|923|186|
|213|486|579|
-------------
|538|169|247|
|462|837|915|
|179|245|863|
-------------

-------------
|987|654|321|
|654|312|798|
|321|798|654|
-------------
|896|571|432|
|745|923|186|
|213|486|579|
-------------
|538|149|267|
|472|865|913|
|169|237|845|
-------------

-------------
|987|654|321|
|654|312|798|
|321|798|654|
-------------
|896|571|432|
|745|923|186|
|213|486|579|
-------------
|538|149|267|
|462|837|915|
|179|265|843|
-------------

-------------
|987|654|321|
|654|312|798|
|321|798|654|
-------------
|896|571|432|
|745|923|186|
|213|486|579|
-------------
|532|169|847|
|468|237|915|
|179|845|263|
-------------

-------------
|987|654|321|
|654|312|798|
|321|798|654|
-------------
|896|571|432|
|745|923|186|
|213|486|579|
-------------
|538|149|267|
|172|865|943|
|469|237|815|
-------------

-------------
|987|654|321|
|654|312|798|
|321|798|654|
-------------
|896|571|432|
|745|923|186|
|213|486|579|
-------------
|538|149|267|
|162|837|945|
|479|265|813|
-------------

-------------
|987|654|321|
|654|312|798|
|321|798|654|
-------------
|896|571|432|
|745|923|186|
|213|486|579|
-------------
|532|169|847|
|178|245|963|
|469|837|215|
-------------

-------------
|987|654|321|
|654|312|798|
|321|798|654|
-------------
|896|571|432|
|745|923|186|
|213|486|579|
-------------
|538|169|247|
|172|845|963|
|469|237|815|
-------------

-------------
|987|654|321|
|654|312|798|
|321|798|654|
-------------
|896|571|432|
|745|923|186|
|213|486|975|
-------------
|179|845|263|
|532|169|847|
|468|237|519|
-------------

-------------
|987|654|321|
|654|312|798|
|321|798|654|
-------------
|896|571|432|
|745|923|186|
|213|486|975|
-------------
|179|845|263|
|562|139|847|
|438|267|519|
-------------

-------------
|987|654|321|
|654|312|798|
|321|798|654|
-------------
|896|571|432|
|745|923|186|
|213|486|975|
-------------
|179|845|263|
|562|137|849|
|438|269|517|
-------------

-------------
|987|654|321|
|654|312|798|
|321|798|654|
-------------
|896|571|432|
|745|923|186|
|213|486|975|
-------------
|179|845|263|
|532|167|849|
|468|239|517|
-------------

-------------
|987|654|321|
|654|312|798|
|321|798|654|
-------------
|896|571|432|
|745|923|186|
|213|486|579|
-------------
|568|139|247|
|132|847|965|
|479|265|813|
-------------

-------------
|987|654|321|
|654|312|798|
|321|798|654|
-------------
|896|571|432|
|745|923|186|
|213|486|579|
-------------
|569|847|213|
|138|265|947|
|472|139|865|
-------------

-------------
|987|654|321|
|654|312|798|
|321|798|654|
-------------
|896|571|432|
|745|923|186|
|213|486|975|
-------------
|179|245|863|
|538|169|247|
|462|837|519|
-------------

-------------
|987|654|321|
|654|312|798|
|321|798|654|
-------------
|896|571|432|
|745|923|186|
|213|486|579|
-------------
|568|139|247|
|432|867|915|
|179|245|863|
-------------

-------------
|987|654|321|
|654|312|798|
|321|798|654|
-------------
|896|571|432|
|745|923|186|
|213|486|579|
-------------
|562|139|847|
|178|245|963|
|439|867|215|
-------------

-------------
|987|654|321|
|654|312|798|
|321|798|654|
-------------
|896|571|432|
|745|923|186|
|213|486|579|
-------------
|562|139|847|
|438|267|915|
|179|845|263|
-------------

-------------
|987|654|321|
|654|312|798|
|321|798|654|
-------------
|896|571|432|
|745|923|186|
|213|486|579|
-------------
|568|139|247|
|172|845|963|
|439|267|815|
-------------

-------------
|987|654|321|
|654|312|798|
|321|798|654|
-------------
|896|571|432|
|745|923|186|
|213|486|579|
-------------
|568|139|247|
|472|865|913|
|139|247|865|
-------------

-------------
|987|654|321|
|654|312|798|
|321|798|654|
-------------
|896|571|432|
|745|923|186|
|213|486|579|
-------------
|568|139|247|
|432|867|915|
|179|245|863|
-------------

-------------
|987|654|321|
|654|312|798|
|321|798|654|
-------------
|896|571|432|
|745|923|186|
|213|486|579|
-------------
|568|139|247|
|132|847|965|
|479|265|813|
-------------

-------------
|987|654|321|
|654|312|798|
|321|798|654|
-------------
|896|571|432|
|745|923|186|
|213|486|579|
-------------
|568|139|247|
|472|865|913|
|139|247|865|
-------------

-------------
|987|654|321|
|654|312|798|
|321|798|654|
-------------
|896|571|432|
|745|923|186|
|213|486|579|
-------------
|568|139|247|
|172|845|963|
|439|267|815|
-------------

-------------
|987|654|321|
|654|312|798|
|321|798|654|
-------------
|896|571|432|
|745|923|186|
|213|486|579|
-------------
|562|139|847|
|478|265|913|
|139|847|265|
-------------

-------------
|987|654|321|
|654|312|798|
|321|798|654|
-------------
|896|571|432|
|745|923|186|
|213|486|579|
-------------
|562|139|847|
|138|247|965|
|479|865|213|
-------------

-------------
|987|654|321|
|654|312|798|
|321|798|654|
-------------
|896|571|432|
|745|923|186|
|213|486|579|
-------------
|569|847|213|
|472|139|865|
|138|265|947|
-------------

-------------
|987|654|321|
|654|312|798|
|321|798|654|
-------------
|896|571|432|
|745|923|186|
|213|486|579|
-------------
|562|847|913|
|139|265|847|
|478|139|265|
-------------

-------------
|987|654|321|
|654|312|798|
|321|798|654|
-------------
|896|571|432|
|745|923|186|
|213|486|579|
-------------
|568|247|913|
|139|865|247|
|472|139|865|
-------------

-------------
|987|654|321|
|654|312|798|
|321|798|654|
-------------
|896|571|432|
|745|923|186|
|213|486|579|
-------------
|568|247|913|
|139|865|247|
|472|139|865|
-------------

-------------
|987|654|321|
|654|312|798|
|321|798|654|
-------------
|896|571|432|
|745|923|186|
|213|486|579|
-------------
|562|139|847|
|438|267|915|
|179|845|263|
-------------

-------------
|987|654|321|
|654|312|798|
|321|798|654|
-------------
|896|571|432|
|745|923|186|
|213|486|579|
-------------
|562|139|847|
|178|245|963|
|439|867|215|
-------------

-------------
|987|654|321|
|654|312|798|
|321|798|654|
-------------
|896|571|432|
|745|923|186|
|213|486|579|
-------------
|569|247|813|
|478|139|265|
|132|865|947|
-------------

-------------
|987|654|321|
|654|312|798|
|321|798|654|
-------------
|896|571|432|
|745|923|186|
|213|486|579|
-------------
|562|847|913|
|139|265|847|
|478|139|265|
-------------

-------------
|987|654|321|
|654|312|798|
|321|798|654|
-------------
|896|571|432|
|745|923|186|
|213|486|579|
-------------
|562|139|847|
|138|247|965|
|479|865|213|
-------------

-------------
|987|654|321|
|654|312|798|
|321|798|654|
-------------
|896|571|432|
|745|923|186|
|213|486|579|
-------------
|562|139|847|
|478|265|913|
|139|847|265|
-------------

-------------
|987|654|321|
|654|312|798|
|321|798|654|
-------------
|896|571|432|
|745|923|186|
|213|486|579|
-------------
|569|247|813|
|132|865|947|
|478|139|265|
-------------

-------------
|987|654|321|
|654|312|798|
|321|798|654|
-------------
|896|571|432|
|745|923|186|
|213|486|975|
-------------
|179|845|263|
|562|137|849|
|438|269|517|
-------------

-------------
|987|654|321|
|654|312|798|
|321|798|654|
-------------
|896|571|432|
|745|923|186|
|213|486|975|
-------------
|179|845|263|
|532|169|847|
|468|237|519|
-------------

-------------
|987|654|321|
|654|312|798|
|321|798|654|
-------------
|896|571|432|
|745|923|186|
|213|486|975|
-------------
|179|845|263|
|562|139|847|
|438|267|519|
-------------

-------------
|987|654|321|
|654|312|798|
|321|798|654|
-------------
|896|571|432|
|745|923|186|
|213|486|975|
-------------
|179|845|263|
|532|167|849|
|468|239|517|
-------------

-------------
|987|654|321|
|654|312|798|
|321|798|654|
-------------
|896|571|432|
|745|923|186|
|213|486|975|
-------------
|179|245|863|
|538|167|249|
|462|839|517|
-------------

-------------
|987|654|321|
|654|312|798|
|321|798|654|
-------------
|896|571|432|
|745|923|186|
|213|486|975|
-------------
|179|865|243|
|532|149|867|
|468|237|519|
-------------

-------------
|987|654|321|
|654|312|798|
|321|798|654|
-------------
|896|571|432|
|745|923|186|
|213|486|975|
-------------
|179|865|243|
|532|147|869|
|468|239|517|
-------------

-------------
|987|654|321|
|654|312|798|
|321|798|654|
-------------
|896|571|432|
|745|923|186|
|213|486|975|
-------------
|172|849|563|
|439|265|817|
|568|137|249|
-------------

-------------
|987|654|321|
|654|312|798|
|321|798|654|
-------------
|896|571|432|
|745|923|186|
|213|486|975|
-------------
|172|849|563|
|469|235|817|
|538|167|249|
-------------

-------------
|987|654|321|
|654|312|798|
|321|798|654|
-------------
|896|571|432|
|745|923|186|
|213|486|975|
-------------
|179|865|243|
|532|147|869|
|468|239|517|
-------------

-------------
|987|654|321|
|654|312|798|
|321|798|654|
-------------
|896|571|432|
|745|923|186|
|213|486|975|
-------------
|179|865|243|
|532|149|867|
|468|237|519|
-------------

-------------
|987|654|321|
|654|312|798|
|321|798|654|
-------------
|896|571|432|
|745|923|186|
|213|486|975|
-------------
|179|245|863|
|568|139|247|
|432|867|519|
-------------

-------------
|987|654|321|
|654|312|798|
|321|798|654|
-------------
|896|571|432|
|745|923|186|
|213|486|975|
-------------
|172|849|563|
|538|167|249|
|469|235|817|
-------------

-------------
|987|654|321|
|654|312|798|
|321|798|654|
-------------
|896|571|432|
|745|923|186|
|213|486|975|
-------------
|172|849|563|
|568|137|249|
|439|265|817|
-------------

-------------
|987|654|321|
|654|312|798|
|321|798|654|
-------------
|896|571|432|
|745|923|186|
|213|486|975|
-------------
|179|245|863|
|568|137|249|
|432|869|517|
-------------

-------------
|987|654|321|
|654|312|798|
|321|798|654|
-------------
|896|571|432|
|745|923|186|
|213|486|975|
-------------
|179|245|863|
|568|137|249|
|432|869|517|
-------------

-------------
|987|654|321|
|654|312|798|
|321|798|654|
-------------
|896|571|432|
|745|923|186|
|213|486|975|
-------------
|178|249|563|
|562|137|849|
|439|865|217|
-------------

-------------
|987|654|321|
|654|312|798|
|321|798|654|
-------------
|896|571|432|
|745|923|186|
|213|486|975|
-------------
|179|245|863|
|568|139|247|
|432|867|519|
-------------

-------------
|987|654|321|
|654|312|798|
|321|798|654|
-------------
|896|571|432|
|745|923|186|
|213|486|975|
-------------
|178|249|563|
|469|835|217|
|532|167|849|
-------------

-------------
|987|654|321|
|654|312|798|
|321|798|654|
-------------
|896|571|432|
|745|923|186|
|213|486|975|
-------------
|179|245|863|
|538|167|249|
|462|839|517|
-------------

-------------
|987|654|321|
|654|312|798|
|321|798|654|
-------------
|896|571|432|
|745|923|186|
|213|486|975|
-------------
|179|245|863|
|538|169|247|
|462|837|519|
-------------

-------------
|987|654|321|
|654|312|798|
|321|798|654|
-------------
|896|571|432|
|745|923|186|
|213|486|975|
-------------
|178|249|563|
|439|865|217|
|562|137|849|
-------------

-------------
|987|654|321|
|654|312|798|
|321|798|654|
-------------
|896|571|432|
|745|923|186|
|213|486|975|
-------------
|178|249|563|
|532|167|849|
|469|835|217|
-------------

-------------
|987|654|321|
|654|312|798|
|321|798|654|
-------------
|896|571|432|
|745|923|186|
|213|486|975|
-------------
|172|869|543|
|469|235|817|
|538|147|269|
-------------

-------------
|987|654|321|
|654|312|798|
|321|798|654|
-------------
|896|571|432|
|745|923|186|
|213|486|975|
-------------
|178|269|543|
|469|835|217|
|532|147|869|
-------------

-------------
|987|654|321|
|654|312|798|
|321|798|654|
-------------
|896|571|432|
|745|923|186|
|213|486|975|
-------------
|179|265|843|
|538|149|267|
|462|837|519|
-------------

-------------
|987|654|321|
|654|312|798|
|321|798|654|
-------------
|896|571|432|
|745|923|186|
|213|486|975|
-------------
|179|265|843|
|538|147|269|
|462|839|517|
-------------

-------------
|987|654|321|
|654|312|798|
|321|798|654|
-------------
|896|571|432|
|745|923|186|
|213|486|975|
-------------
|179|265|843|
|538|149|267|
|462|837|519|
-------------

-------------
|987|654|321|
|654|312|798|
|321|798|654|
-------------
|896|571|432|
|745|923|186|
|213|486|975|
-------------
|179|265|843|
|538|147|269|
|462|839|517|
-------------

-------------
|987|654|321|
|654|312|798|
|321|798|654|
-------------
|896|571|432|
|745|923|186|
|213|486|975|
-------------
|178|269|543|
|532|147|869|
|469|835|217|
-------------

-------------
|987|654|321|
|654|312|798|
|321|798|654|
-------------
|896|571|432|
|745|923|186|
|213|486|975|
-------------
|172|869|543|
|538|147|269|
|469|235|817|
-------------

-------------
|987|654|321|
|654|312|798|
|321|798|654|
-------------
|896|571|432|
|745|923|186|
|213|486|975|
-------------
|572|149|863|
|468|237|519|
|139|865|247|
-------------

-------------
|987|654|321|
|654|312|798|
|321|798|654|
-------------
|896|571|432|
|745|923|186|
|213|486|975|
-------------
|572|149|863|
|469|835|217|
|138|267|549|
-------------

-------------
|987|654|321|
|654|312|798|
|321|798|654|
-------------
|896|571|432|
|745|923|186|
|213|486|579|
-------------
|578|149|263|
|462|837|915|
|139|265|847|
-------------

-------------
|987|654|321|
|654|312|798|
|321|798|654|
-------------
|896|571|432|
|745|923|186|
|213|486|579|
-------------
|578|149|263|
|462|835|917|
|139|267|845|
-------------

-------------
|987|654|321|
|654|312|798|
|321|798|654|
-------------
|896|571|432|
|745|923|186|
|213|486|975|
-------------
|578|149|263|
|432|867|519|
|169|235|847|
-------------

-------------
|987|654|321|
|654|312|798|
|321|798|654|
-------------
|896|571|432|
|745|923|186|
|213|486|579|
-------------
|578|149|263|
|432|865|917|
|169|237|845|
-------------

-------------
|987|654|321|
|654|312|798|
|321|798|654|
-------------
|896|571|432|
|745|923|186|
|213|486|975|
-------------
|578|149|263|
|462|837|519|
|139|265|847|
-------------

-------------
|987|654|321|
|654|312|798|
|321|798|654|
-------------
|896|571|432|
|745|923|186|
|213|486|975|
-------------
|578|149|263|
|469|235|817|
|132|867|549|
-------------

-------------
|987|654|321|
|654|312|798|
|321|798|654|
-------------
|896|571|432|
|745|923|186|
|213|486|975|
-------------
|578|149|263|
|439|265|817|
|162|837|549|
-------------

-------------
|987|654|321|
|654|312|798|
|321|798|654|
-------------
|896|571|432|
|745|923|186|
|213|486|579|
-------------
|578|149|263|
|432|867|915|
|169|235|847|
-------------

-------------
|987|654|321|
|654|312|798|
|321|798|654|
-------------
|896|571|432|
|745|923|186|
|213|486|579|
-------------
|578|149|263|
|162|835|947|
|439|267|815|
-------------

-------------
|987|654|321|
|654|312|798|
|321|798|654|
-------------
|896|571|432|
|745|923|186|
|213|486|579|
-------------
|578|149|263|
|162|837|945|
|439|265|817|
-------------

-------------
|987|654|321|
|654|312|798|
|321|798|654|
-------------
|896|571|432|
|745|923|186|
|213|486|579|
-------------
|578|149|263|
|132|867|945|
|469|235|817|
-------------

-------------
|987|654|321|
|654|312|798|
|321|798|654|
-------------
|896|571|432|
|745|923|186|
|213|486|579|
-------------
|578|149|263|
|132|865|947|
|469|237|815|
-------------

-------------
|987|654|321|
|654|312|798|
|321|798|654|
-------------
|896|571|432|
|745|923|186|
|213|486|579|
-------------
|578|169|243|
|132|845|967|
|469|237|815|
-------------

-------------
|987|654|321|
|654|312|798|
|321|798|654|
-------------
|896|571|432|
|745|923|186|
|213|486|579|
-------------
|578|169|243|
|132|847|965|
|469|235|817|
-------------

-------------
|987|654|321|
|654|312|798|
|321|798|654|
-------------
|896|571|432|
|745|923|186|
|213|486|975|
-------------
|572|149|863|
|439|865|217|
|168|237|549|
-------------

-------------
|987|654|321|
|654|312|798|
|321|798|654|
-------------
|896|571|432|
|745|923|186|
|213|486|579|
-------------
|578|149|263|
|432|865|917|
|169|237|845|
-------------

-------------
|987|654|321|
|654|312|798|
|321|798|654|
-------------
|896|571|432|
|745|923|186|
|213|486|579|
-------------
|578|149|263|
|162|835|947|
|439|267|815|
-------------

-------------
|987|654|321|
|654|312|798|
|321|798|654|
-------------
|896|571|432|
|745|923|186|
|213|486|579|
-------------
|578|169|243|
|462|835|917|
|139|247|865|
-------------

-------------
|987|654|321|
|654|312|798|
|321|798|654|
-------------
|896|571|432|
|745|923|186|
|213|486|579|
-------------
|578|169|243|
|462|837|915|
|139|245|867|
-------------

-------------
|987|654|321|
|654|312|798|
|321|798|654|
-------------
|896|571|432|
|745|923|186|
|213|486|579|
-------------
|578|149|263|
|162|837|945|
|439|265|817|
-------------

-------------
|987|654|321|
|654|312|798|
|321|798|654|
-------------
|896|571|432|
|745|923|186|
|213|486|579|
-------------
|578|149|263|
|432|867|915|
|169|235|847|
-------------

-------------
|987|654|321|
|654|312|798|
|321|798|654|
-------------
|896|571|432|
|745|923|186|
|213|486|579|
-------------
|578|149|263|
|132|865|947|
|469|237|815|
-------------

-------------
|987|654|321|
|654|312|798|
|321|798|654|
-------------
|896|571|432|
|745|923|186|
|213|486|579|
-------------
|578|149|263|
|462|837|915|
|139|265|847|
-------------

-------------
|987|654|321|
|654|312|798|
|321|798|654|
-------------
|896|571|432|
|745|923|186|
|213|486|579|
-------------
|578|149|263|
|132|867|945|
|469|235|817|
-------------

-------------
|987|654|321|
|654|312|798|
|321|798|654|
-------------
|896|571|432|
|745|923|186|
|213|486|579|
-------------
|578|149|263|
|462|835|917|
|139|267|845|
-------------

-------------
|987|654|321|
|654|312|798|
|321|798|654|
-------------
|896|571|432|
|745|923|186|
|213|486|579|
-------------
|578|169|243|
|132|845|967|
|469|237|815|
-------------

-------------
|987|654|321|
|654|312|798|
|321|798|654|
-------------
|896|571|432|
|745|923|186|
|213|486|579|
-------------
|578|169|243|
|462|835|917|
|139|247|865|
-------------

-------------
|987|654|321|
|654|312|798|
|321|798|654|
-------------
|896|571|432|
|745|923|186|
|213|486|579|
-------------
|578|169|243|
|462|837|915|
|139|245|867|
-------------

-------------
|987|654|321|
|654|312|798|
|321|798|654|
-------------
|896|571|432|
|745|923|186|
|213|486|579|
-------------
|578|169|243|
|132|847|965|
|469|235|817|
-------------

-------------
|987|654|321|
|654|312|798|
|321|798|654|
-------------
|896|571|432|
|745|923|186|
|213|486|975|
-------------
|578|149|263|
|162|837|549|
|439|265|817|
-------------

-------------
|987|654|321|
|654|312|798|
|321|798|654|
-------------
|896|571|432|
|745|923|186|
|213|486|975|
-------------
|578|149|263|
|169|235|847|
|432|867|519|
-------------

-------------
|987|654|321|
|654|312|798|
|321|798|654|
-------------
|896|571|432|
|745|923|186|
|213|486|975|
-------------
|578|149|263|
|139|265|847|
|462|837|519|
-------------

-------------
|987|654|321|
|654|312|798|
|321|798|654|
-------------
|896|571|432|
|745|923|186|
|213|486|975|
-------------
|578|149|263|
|132|867|549|
|469|235|817|
-------------

-------------
|987|654|321|
|654|312|798|
|321|798|654|
-------------
|896|571|432|
|745|923|186|
|213|486|975|
-------------
|572|149|863|
|438|267|519|
|169|835|247|
-------------

-------------
|987|654|321|
|654|312|798|
|321|798|654|
-------------
|896|571|432|
|745|923|186|
|213|486|579|
-------------
|572|169|843|
|468|235|917|
|139|847|265|
-------------

-------------
|987|654|321|
|654|312|798|
|321|798|654|
-------------
|896|571|432|
|745|923|186|
|213|486|975|
-------------
|572|149|863|
|169|835|247|
|438|267|519|
-------------

-------------
|987|654|321|
|654|312|798|
|321|798|654|
-------------
|896|571|432|
|745|923|186|
|213|486|579|
-------------
|572|149|863|
|438|267|915|
|169|835|247|
-------------

-------------
|987|654|321|
|654|312|798|
|321|798|654|
-------------
|896|571|432|
|745|923|186|
|213|486|579|
-------------
|572|149|863|
|138|267|945|
|469|835|217|
-------------

-------------
|987|654|321|
|654|312|798|
|321|798|654|
-------------
|896|571|432|
|745|923|186|
|213|486|579|
-------------
|572|149|863|
|438|265|917|
|169|837|245|
-------------

-------------
|987|654|321|
|654|312|798|
|321|798|654|
-------------
|896|571|432|
|745|923|186|
|213|486|579|
-------------
|572|149|863|
|138|265|947|
|469|837|215|
-------------

-------------
|987|654|321|
|654|312|798|
|321|798|654|
-------------
|896|571|432|
|745|923|186|
|213|486|579|
-------------
|572|149|863|
|168|235|947|
|439|867|215|
-------------

-------------
|987|654|321|
|654|312|798|
|321|798|654|
-------------
|896|571|432|
|745|923|186|
|213|486|579|
-------------
|572|149|863|
|468|237|915|
|139|865|247|
-------------

-------------
|987|654|321|
|654|312|798|
|321|798|654|
-------------
|896|571|432|
|745|923|186|
|213|486|579|
-------------
|572|149|863|
|468|235|917|
|139|867|245|
-------------

-------------
|987|654|321|
|654|312|798|
|321|798|654|
-------------
|896|571|432|
|745|923|186|
|213|486|579|
-------------
|572|149|863|
|168|237|945|
|439|865|217|
-------------

-------------
|987|654|321|
|654|312|798|
|321|798|654|
-------------
|896|571|432|
|745|923|186|
|213|486|975|
-------------
|572|149|863|
|168|237|549|
|439|865|217|
-------------

-------------
|987|654|321|
|654|312|798|
|321|798|654|
-------------
|896|571|432|
|745|923|186|
|213|486|579|
-------------
|572|149|863|
|468|235|917|
|139|867|245|
-------------

-------------
|987|654|321|
|654|312|798|
|321|798|654|
-------------
|896|571|432|
|745|923|186|
|213|486|579|
-------------
|572|149|863|
|168|237|945|
|439|865|217|
-------------

-------------
|987|654|321|
|654|312|798|
|321|798|654|
-------------
|896|571|432|
|745|923|186|
|213|486|579|
-------------
|572|149|863|
|468|237|915|
|139|865|247|
-------------

-------------
|987|654|321|
|654|312|798|
|321|798|654|
-------------
|896|571|432|
|745|923|186|
|213|486|579|
-------------
|572|149|863|
|168|235|947|
|439|867|215|
-------------

-------------
|987|654|321|
|654|312|798|
|321|798|654|
-------------
|896|571|432|
|745|923|186|
|213|486|975|
-------------
|572|149|863|
|139|865|247|
|468|237|519|
-------------

-------------
|987|654|321|
|654|312|798|
|321|798|654|
-------------
|896|571|432|
|745|923|186|
|213|486|579|
-------------
|572|149|863|
|438|265|917|
|169|837|245|
-------------

-------------
|987|654|321|
|654|312|798|
|321|798|654|
-------------
|896|571|432|
|745|923|186|
|213|486|579|
-------------
|572|149|863|
|138|267|945|
|469|835|217|
-------------

-------------
|987|654|321|
|654|312|798|
|321|798|654|
-------------
|896|571|432|
|745|923|186|
|213|486|579|
-------------
|572|149|863|
|138|265|947|
|469|837|215|
-------------

-------------
|987|654|321|
|654|312|798|
|321|798|654|
-------------
|896|571|432|
|745|923|186|
|213|486|579|
-------------
|572|149|863|
|438|267|915|
|169|835|247|
-------------

-------------
|987|654|321|
|654|312|798|
|321|798|654|
-------------
|896|571|432|
|745|923|186|
|213|486|975|
-------------
|572|149|863|
|138|267|549|
|469|835|217|
-------------

-------------
|987|654|321|
|654|312|798|
|321|798|654|
-------------
|896|571|432|
|745|923|186|
|213|486|579|
-------------
|572|169|843|
|468|237|915|
|139|845|267|
-------------

-------------
|987|654|321|
|654|312|798|
|321|798|654|
-------------
|896|571|432|
|745|923|186|
|213|486|975|
-------------
|578|169|243|
|132|847|569|
|469|235|817|
-------------

-------------
|987|654|321|
|654|312|798|
|321|798|654|
-------------
|896|571|432|
|745|923|186|
|213|486|579|
-------------
|572|169|843|
|138|245|967|
|469|837|215|
-------------

-------------
|987|654|321|
|654|312|798|
|321|798|654|
-------------
|896|571|432|
|745|923|186|
|213|486|579|
-------------
|572|169|843|
|138|247|965|
|469|835|217|
-------------

-------------
|987|654|321|
|654|312|798|
|321|798|654|
-------------
|896|571|432|
|745|923|186|
|213|486|975|
-------------
|572|169|843|
|138|247|569|
|469|835|217|
-------------

-------------
|987|654|321|
|654|312|798|
|321|798|654|
-------------
|896|571|432|
|745|923|186|
|213|486|975|
-------------
|578|169|243|
|139|245|867|
|462|837|519|
-------------

-------------
|987|654|321|
|654|312|798|
|321|798|654|
-------------
|896|571|432|
|745|923|186|
|213|486|975|
-------------
|572|169|843|
|139|845|267|
|468|237|519|
-------------

-------------
|987|654|321|
|654|312|798|
|321|798|654|
-------------
|896|571|432|
|745|923|186|
|213|486|579|
-------------
|572|169|843|
|138|245|967|
|469|837|215|
-------------

-------------
|987|654|321|
|654|312|798|
|321|798|654|
-------------
|896|571|432|
|745|923|186|
|213|486|579|
-------------
|572|169|843|
|138|247|965|
|469|835|217|
-------------

-------------
|987|654|321|
|654|312|798|
|321|798|654|
-------------
|896|571|432|
|745|923|186|
|213|486|975|
-------------
|578|169|243|
|462|837|519|
|139|245|867|
-------------

-------------
|987|654|321|
|654|312|798|
|321|798|654|
-------------
|896|571|432|
|745|923|186|
|213|486|579|
-------------
|572|169|843|
|468|235|917|
|139|847|265|
-------------

-------------
|987|654|321|
|654|312|798|
|321|798|654|
-------------
|896|571|432|
|745|923|186|
|213|486|579|
-------------
|572|169|843|
|468|237|915|
|139|845|267|
-------------

-------------
|987|654|321|
|654|312|798|
|321|798|654|
-------------
|896|571|432|
|745|923|186|
|213|486|975|
-------------
|572|169|843|
|469|835|217|
|138|247|569|
-------------

-------------
|987|654|321|
|654|312|798|
|321|798|654|
-------------
|896|571|432|
|745|923|186|
|213|486|975|
-------------
|572|169|843|
|468|237|519|
|139|845|267|
-------------

-------------
|987|654|321|
|654|312|798|
|321|798|654|
-------------
|896|571|432|
|745|923|186|
|213|486|975|
-------------
|578|169|243|
|469|235|817|
|132|847|569|
-------------