170 boards

-------------
|987|654|213|
|654|213|879|
|312|879|456|
-------------
|869|745|321|
|475|132|698|
|231|986|745|
-------------
|593|428|167|
|148|567|932|
|726|391|584|
-------------

-------------
|987|654|213|
|654|213|879|
|312|879|456|
-------------
|869|745|321|
|475|132|698|
|231|986|745|
-------------
|723|598|164|
|198|467|532|
|546|321|987|
-------------

-------------
|987|654|213|
|654|213|879|
|312|879|456|
-------------
|869|745|321|
|475|132|698|
|231|986|745|
-------------
|726|391|584|
|143|528|967|
|598|467|132|
-------------

-------------
|987|654|213|
|654|213|879|
|312|879|456|
-------------
|869|745|321|
|475|132|698|
|231|986|745|
-------------
|726|391|584|
|148|567|932|
|593|428|167|
-------------

-------------
|987|654|213|
|654|213|879|
|312|879|456|
-------------
|869|745|321|
|475|132|698|
|231|986|745|
-------------
|723|598|164|
|546|321|987|
|198|467|532|
-------------

-------------
|987|654|213|
|654|213|879|
|312|879|456|
-------------
|869|745|321|
|475|132|698|
|231|986|745|
-------------
|726|598|134|
|193|467|582|
|548|321|967|
-------------

-------------
|987|654|213|
|654|213|879|
|312|879|456|
-------------
|869|745|321|
|475|132|698|
|231|986|745|
-------------
|726|598|134|
|548|321|967|
|193|467|582|
-------------

-------------
|987|654|213|
|654|213|879|
|312|879|456|
-------------
|869|745|321|
|475|132|698|
|231|986|745|
-------------
|726|391|584|
|598|467|132|
|143|528|967|
-------------

-------------
|987|654|213|
|654|213|879|
|312|879|456|
-------------
|869|745|321|
|475|132|698|
|231|986|745|
-------------
|726|391|584|
|593|428|167|
|148|567|932|
-------------

-------------
|987|654|213|
|654|213|879|
|312|879|456|
-------------
|869|745|321|
|475|132|698|
|231|986|745|
-------------
|723|561|984|
|596|428|137|
|148|397|562|
-------------

-------------
|987|654|213|
|654|213|879|
|312|879|456|
-------------
|869|745|321|
|475|132|698|
|231|986|745|
-------------
|723|561|984|
|548|397|162|
|196|428|537|
-------------

-------------
|987|654|213|
|654|213|879|
|312|879|456|
-------------
|869|745|321|
|475|132|698|
|231|986|745|
-------------
|723|561|984|
|148|397|562|
|596|428|137|
-------------

-------------
|987|654|213|
|654|213|879|
|312|879|456|
-------------
|869|745|321|
|475|132|698|
|231|986|745|
-------------
|723|561|984|
|196|428|537|
|548|397|162|
-------------

-------------
|987|654|213|
|654|213|879|
|312|879|456|
-------------
|869|745|321|
|475|132|698|
|231|986|745|
-------------
|593|428|167|
|146|397|582|
|728|561|934|
-------------

-------------
|987|654|213|
|654|213|879|
|312|879|456|
-------------
|869|745|321|
|475|132|698|
|231|986|745|
-------------
|593|428|167|
|126|397|584|
|748|561|932|
-------------

-------------
|987|654|213|
|654|213|879|
|312|879|456|
-------------
|869|745|321|
|475|132|698|
|231|986|745|
-------------
|593|428|167|
|128|567|934|
|746|391|582|
-------------

-------------
|987|654|213|
|654|213|879|
|312|879|456|
-------------
|869|745|321|
|475|132|698|
|231|986|745|
-------------
|743|561|982|
|126|498|537|
|598|327|164|
-------------

-------------
|987|654|213|
|654|213|879|
|312|879|456|
-------------
|869|745|321|
|475|132|698|
|231|986|745|
-------------
|593|467|182|
|728|391|564|
|146|528|937|
-------------

-------------
|987|654|213|
|654|213|879|
|312|879|456|
-------------
|869|745|321|
|475|132|698|
|231|986|745|
-------------
|743|561|982|
|128|397|564|
|596|428|137|
-------------

-------------
|987|654|213|
|654|213|879|
|312|879|456|
-------------
|869|745|321|
|475|132|698|
|123|986|745|
-------------
|731|498|562|
|298|567|134|
|546|321|987|
-------------

-------------
|987|654|213|
|654|213|879|
|312|879|456|
-------------
|869|745|321|
|475|132|698|
|231|986|745|
-------------
|743|561|982|
|198|327|564|
|526|498|137|
-------------

-------------
|987|654|213|
|654|213|879|
|312|879|456|
-------------
|869|745|321|
|475|132|698|
|231|986|745|
-------------
|743|561|982|
|196|428|537|
|528|397|164|
-------------

-------------
|987|654|213|
|654|213|879|
|312|879|456|
-------------
|869|745|321|
|475|132|698|
|123|986|745|
-------------
|731|498|562|
|248|561|937|
|596|327|184|
-------------

-------------
|987|654|213|
|654|213|879|
|312|879|456|
-------------
|869|745|321|
|475|132|698|
|231|986|745|
-------------
|743|598|162|
|528|461|937|
|196|327|584|
-------------

-------------
|987|654|213|
|654|213|879|
|312|879|456|
-------------
|869|745|321|
|475|132|698|
|231|986|745|
-------------
|748|391|562|
|123|567|984|
|596|428|137|
-------------

-------------
|987|654|213|
|654|213|879|
|312|879|456|
-------------
|869|745|321|
|475|132|698|
|231|986|745|
-------------
|743|561|982|
|598|327|164|
|126|498|537|
-------------

-------------
|987|654|213|
|654|213|879|
|312|879|456|
-------------
|869|745|321|
|475|132|698|
|231|986|745|
-------------
|743|561|982|
|596|428|137|
|128|397|564|
-------------

-------------
|987|654|213|
|654|213|879|
|312|879|456|
-------------
|869|745|321|
|475|132|698|
|231|986|745|
-------------
|748|561|932|
|523|498|167|
|196|327|584|
-------------

-------------
|987|654|213|
|654|213|879|
|312|879|456|
-------------
|869|745|321|
|475|132|698|
|231|986|745|
-------------
|748|561|932|
|526|397|184|
|193|428|567|
-------------

-------------
|987|654|213|
|654|213|879|
|312|879|456|
-------------
|869|745|321|
|475|132|698|
|231|986|745|
-------------
|748|391|562|
|596|428|137|
|123|567|984|
-------------

-------------
|987|654|213|
|654|213|879|
|312|879|456|
-------------
|869|745|321|
|475|132|698|
|231|986|745|
-------------
|743|561|982|
|528|397|164|
|196|428|537|
-------------

-------------
|987|654|213|
|654|213|879|
|312|879|456|
-------------
|869|745|321|
|475|132|698|
|231|986|745|
-------------
|748|561|932|
|596|327|184|
|123|498|567|
-------------

-------------
|987|654|213|
|654|213|879|
|312|879|456|
-------------
|869|745|321|
|475|132|698|
|231|986|745|
-------------
|743|561|982|
|526|498|137|
|198|327|564|
-------------

-------------
|987|654|213|
|654|213|879|
|312|879|456|
-------------
|869|745|321|
|475|132|698|
|231|986|745|
-------------
|748|561|932|
|123|498|567|
|596|327|184|
-------------

-------------
|987|654|213|
|654|213|879|
|312|879|456|
-------------
|869|745|321|
|475|132|698|
|231|986|745|
-------------
|748|561|932|
|126|397|584|
|593|428|167|
-------------

-------------
|987|654|213|
|654|213|879|
|312|879|456|
-------------
|869|745|321|
|475|132|698|
|231|986|745|
-------------
|748|561|932|
|193|428|567|
|526|397|184|
-------------

-------------
|987|654|213|
|654|213|879|
|312|879|456|
-------------
|869|745|321|
|475|132|698|
|231|986|745|
-------------
|748|561|932|
|196|327|584|
|523|498|167|
-------------

-------------
|987|654|213|
|654|213|879|
|312|879|456|
-------------
|869|745|321|
|475|132|698|
|231|986|745|
-------------
|748|561|932|
|593|428|167|
|126|397|584|
-------------

-------------
|987|654|213|
|654|213|879|
|312|879|456|
-------------
|869|745|321|
|475|132|698|
|231|986|745|
-------------
|743|598|162|
|196|327|584|
|528|461|937|
-------------

-------------
|987|654|213|
|654|213|879|
|312|879|456|
-------------
|869|745|321|
|475|132|698|
|231|986|745|
-------------
|596|428|137|
|728|391|564|
|143|567|982|
-------------

-------------
|987|654|213|
|654|213|879|
|312|879|456|
-------------
|869|745|321|
|475|132|698|
|231|986|745|
-------------
|596|327|184|
|123|498|567|
|748|561|932|
-------------

-------------
|987|654|213|
|654|213|879|
|312|879|456|
-------------
|869|745|321|
|475|132|698|
|123|986|745|
-------------
|731|498|562|
|546|321|987|
|298|567|134|
-------------

-------------
|987|654|213|
|654|213|879|
|312|879|456|
-------------
|869|745|321|
|475|132|698|
|231|986|745|
-------------
|596|428|137|
|148|397|562|
|723|561|984|
-------------

-------------
|987|654|213|
|654|213|879|
|312|879|456|
-------------
|869|745|321|
|475|132|698|
|231|986|745|
-------------
|746|598|132|
|523|461|987|
|198|327|564|
-------------

-------------
|987|654|213|
|654|213|879|
|312|879|456|
-------------
|869|745|321|
|475|132|698|
|231|986|745|
-------------
|596|428|137|
|143|567|982|
|728|391|564|
-------------

-------------
|987|654|213|
|654|213|879|
|312|879|456|
-------------
|869|745|321|
|475|132|698|
|231|986|745|
-------------
|596|428|137|
|723|561|984|
|148|397|562|
-------------

-------------
|987|654|213|
|654|213|879|
|312|879|456|
-------------
|869|745|321|
|475|132|698|
|231|986|745|
-------------
|596|327|184|
|748|561|932|
|123|498|567|
-------------

-------------
|987|654|213|
|654|213|879|
|312|879|456|
-------------
|869|745|321|
|475|132|698|
|231|986|745|
-------------
|596|428|137|
|128|397|564|
|743|561|982|
-------------

-------------
|987|654|213|
|654|213|879|
|312|879|456|
-------------
|869|745|321|
|475|132|698|
|231|986|745|
-------------
|596|428|137|
|123|567|984|
|748|391|562|
-------------

-------------
|987|654|213|
|654|213|879|
|312|879|456|
-------------
|869|745|321|
|475|132|698|
|231|986|745|
-------------
|746|391|582|
|593|428|167|
|128|567|934|
-------------

-------------
|987|654|213|
|654|213|879|
|312|879|456|
-------------
|869|745|321|
|475|132|698|
|231|986|745|
-------------
|596|428|137|
|748|391|562|
|123|567|984|
-------------

-------------
|987|654|213|
|654|213|879|
|312|879|456|
-------------
|869|745|321|
|475|132|698|
|231|986|745|
-------------
|596|428|137|
|743|561|982|
|128|397|564|
-------------

-------------
|987|654|213|
|654|213|879|
|312|879|456|
-------------
|869|745|321|
|475|132|698|
|231|986|745|
-------------
|746|391|582|
|128|567|934|
|593|428|167|
-------------

-------------
|987|654|213|
|654|213|879|
|312|879|456|
-------------
|869|745|321|
|475|132|698|
|231|986|745|
-------------
|746|598|132|
|198|327|564|
|523|461|987|
-------------

-------------
|987|654|213|
|654|213|879|
|312|879|456|
-------------
|869|745|321|
|475|132|698|
|123|986|745|
-------------
|748|391|562|
|596|428|137|
|231|567|984|
-------------

-------------
|987|654|213|
|654|213|879|
|312|879|456|
-------------
|869|745|321|
|475|132|698|
|123|986|745|
-------------
|731|498|562|
|596|327|184|
|248|561|937|
-------------

-------------
|987|654|213|
|654|213|879|
|312|879|456|
-------------
|869|745|321|
|475|132|698|
|123|986|745|
-------------
|736|491|582|
|541|328|967|
|298|567|134|
-------------

-------------
|987|654|213|
|654|213|879|
|312|879|456|
-------------
|869|745|321|
|475|132|698|
|123|986|745|
-------------
|736|491|582|
|241|568|937|
|598|327|164|
-------------

-------------
|987|654|213|
|654|213|879|
|312|879|456|
-------------
|869|745|321|
|475|132|698|
|123|986|745|
-------------
|731|528|964|
|546|397|182|
|298|461|537|
-------------

-------------
|987|654|213|
|654|213|879|
|312|879|456|
-------------
|869|745|321|
|475|132|698|
|123|986|745|
-------------
|736|491|582|
|598|327|164|
|241|568|937|
-------------

-------------
|987|654|213|
|654|213|879|
|312|879|456|
-------------
|869|745|321|
|475|132|698|
|123|986|745|
-------------
|731|528|964|
|298|461|537|
|546|397|182|
-------------

-------------
|987|654|213|
|654|213|879|
|312|879|456|
-------------
|869|745|321|
|475|132|698|
|123|986|745|
-------------
|731|528|964|
|246|391|587|
|598|467|132|
-------------

-------------
|987|654|213|
|654|213|879|
|312|879|456|
-------------
|869|745|321|
|475|132|698|
|123|986|745|
-------------
|731|528|964|
|598|467|132|
|246|391|587|
-------------

-------------
|987|654|213|
|654|213|879|
|312|879|456|
-------------
|869|745|321|
|475|132|698|
|123|986|745|
-------------
|748|561|932|
|596|327|184|
|231|498|567|
-------------

-------------
|987|654|213|
|654|213|879|
|312|879|456|
-------------
|869|745|321|
|475|132|698|
|123|986|745|
-------------
|748|561|932|
|231|498|567|
|596|327|184|
-------------

-------------
|987|654|213|
|654|213|879|
|312|879|456|
-------------
|869|745|321|
|475|132|698|
|123|986|745|
-------------
|736|491|582|
|298|567|134|
|541|328|967|
-------------

-------------
|987|654|213|
|654|213|879|
|312|879|456|
-------------
|869|745|321|
|475|132|698|
|123|986|745|
-------------
|798|461|532|
|541|328|967|
|236|597|184|
-------------

-------------
|987|654|213|
|654|213|879|
|312|879|456|
-------------
|869|745|321|
|475|132|698|
|123|986|745|
-------------
|736|521|984|
|291|468|537|
|548|397|162|
-------------

-------------
|987|654|213|
|654|213|879|
|312|879|456|
-------------
|869|745|321|
|475|132|698|
|123|986|745|
-------------
|798|321|564|
|536|497|182|
|241|568|937|
-------------

-------------
|987|654|213|
|654|213|879|
|312|879|456|
-------------
|869|745|321|
|475|132|698|
|123|986|745|
-------------
|736|521|984|
|241|398|567|
|598|467|132|
-------------

-------------
|987|654|213|
|654|213|879|
|312|879|456|
-------------
|869|745|321|
|475|132|698|
|123|986|745|
-------------
|798|321|564|
|531|467|982|
|246|598|137|
-------------

-------------
|987|654|213|
|654|213|879|
|312|879|456|
-------------
|869|745|321|
|475|132|698|
|123|986|745|
-------------
|798|321|564|
|241|568|937|
|536|497|182|
-------------

-------------
|987|654|213|
|654|213|879|
|312|879|456|
-------------
|869|745|321|
|475|132|698|
|123|986|745|
-------------
|736|521|984|
|598|467|132|
|241|398|567|
-------------

-------------
|987|654|213|
|654|213|879|
|312|879|456|
-------------
|869|745|321|
|475|132|698|
|123|986|745|
-------------
|798|321|564|
|246|598|137|
|531|467|982|
-------------

-------------
|987|654|213|
|654|213|879|
|312|879|456|
-------------
|869|745|321|
|475|132|698|
|123|986|745|
-------------
|736|521|984|
|548|397|162|
|291|468|537|
-------------

-------------
|987|654|213|
|654|213|879|
|312|879|456|
-------------
|869|745|321|
|475|132|698|
|123|986|745|
-------------
|798|461|532|
|236|597|184|
|541|328|967|
-------------

-------------
|987|654|213|
|654|213|879|
|312|879|456|
-------------
|869|745|321|
|475|132|698|
|123|986|745|
-------------
|738|491|562|
|596|327|184|
|241|568|937|
-------------

-------------
|987|654|213|
|654|213|879|
|312|879|456|
-------------
|869|745|321|
|475|132|698|
|123|986|745|
-------------
|738|491|562|
|241|568|937|
|596|327|184|
-------------

-------------
|987|654|213|
|654|213|879|
|312|879|456|
-------------
|869|745|321|
|475|132|698|
|123|986|745|
-------------
|738|521|964|
|291|468|537|
|546|397|182|
-------------

-------------
|987|654|213|
|654|213|879|
|312|879|456|
-------------
|869|745|321|
|475|132|698|
|123|986|745|
-------------
|791|468|532|
|546|321|987|
|238|597|164|
-------------

-------------
|987|654|213|
|654|213|879|
|312|879|456|
-------------
|869|745|321|
|475|132|698|
|123|986|745|
-------------
|791|468|532|
|548|321|967|
|236|597|184|
-------------

-------------
|987|654|213|
|654|213|879|
|312|879|456|
-------------
|869|745|321|
|475|132|698|
|123|986|745|
-------------
|746|391|582|
|531|428|967|
|298|567|134|
-------------

-------------
|987|654|213|
|654|213|879|
|312|879|456|
-------------
|869|745|321|
|475|132|698|
|123|986|745|
-------------
|791|468|532|
|236|597|184|
|548|321|967|
-------------

-------------
|987|654|213|
|654|213|879|
|312|879|456|
-------------
|869|745|321|
|475|132|698|
|123|986|745|
-------------
|791|468|532|
|238|597|164|
|546|321|987|
-------------

-------------
|987|654|213|
|654|213|879|
|312|879|456|
-------------
|869|745|321|
|475|132|698|
|123|986|745|
-------------
|791|328|564|
|536|497|182|
|248|561|937|
-------------

-------------
|987|654|213|
|654|213|879|
|312|879|456|
-------------
|869|745|321|
|475|132|698|
|123|986|745|
-------------
|791|328|564|
|248|561|937|
|536|497|182|
-------------

-------------
|987|654|213|
|654|213|879|
|312|879|456|
-------------
|869|745|321|
|475|132|698|
|123|986|745|
-------------
|738|521|964|
|546|397|182|
|291|468|537|
-------------

-------------
|987|654|213|
|654|213|879|
|312|879|456|
-------------
|869|745|321|
|475|132|698|
|123|986|745|
-------------
|746|391|582|
|298|567|134|
|531|428|967|
-------------

-------------
|987|654|213|
|654|213|879|
|312|879|456|
-------------
|869|745|321|
|475|132|698|
|123|986|745|
-------------
|746|598|132|
|291|367|584|
|538|421|967|
-------------

-------------
|987|654|213|
|654|213|879|
|312|879|456|
-------------
|869|745|321|
|475|132|698|
|123|986|745|
-------------
|796|528|134|
|248|391|567|
|531|467|982|
-------------

-------------
|987|654|213|
|654|213|879|
|312|879|456|
-------------
|869|745|321|
|475|132|698|
|123|986|745|
-------------
|796|528|134|
|541|367|982|
|238|491|567|
-------------

-------------
|987|654|213|
|654|213|879|
|312|879|456|
-------------
|869|745|321|
|475|132|698|
|123|986|745|
-------------
|796|321|584|
|538|497|162|
|241|568|937|
-------------

-------------
|987|654|213|
|654|213|879|
|312|879|456|
-------------
|869|745|321|
|475|132|698|
|123|986|745|
-------------
|796|321|584|
|241|568|937|
|538|497|162|
-------------

-------------
|987|654|213|
|654|213|879|
|312|879|456|
-------------
|869|745|321|
|475|132|698|
|123|986|745|
-------------
|796|528|134|
|238|491|567|
|541|367|982|
-------------

-------------
|987|654|213|
|654|213|879|
|312|879|456|
-------------
|869|745|321|
|475|132|698|
|123|986|745|
-------------
|796|528|134|
|531|467|982|
|248|391|567|
-------------

-------------
|987|654|213|
|654|213|879|
|312|879|456|
-------------
|869|745|321|
|475|132|698|
|123|986|745|
-------------
|741|398|562|
|298|567|134|
|536|421|987|
-------------

-------------
|987|654|213|
|654|213|879|
|312|879|456|
-------------
|869|745|321|
|475|132|698|
|123|986|745|
-------------
|741|568|932|
|598|327|164|
|236|491|587|
-------------

-------------
|987|654|213|
|654|213|879|
|312|879|456|
-------------
|869|745|321|
|475|132|698|
|123|986|745|
-------------
|741|568|932|
|596|327|184|
|238|491|567|
-------------

-------------
|987|654|213|
|654|213|879|
|312|879|456|
-------------
|869|745|321|
|475|132|698|
|123|986|745|
-------------
|746|598|132|
|538|421|967|
|291|367|584|
-------------

-------------
|987|654|213|
|654|213|879|
|312|879|456|
-------------
|869|745|321|
|475|132|698|
|123|986|745|
-------------
|741|568|932|
|236|491|587|
|598|327|164|
-------------

-------------
|987|654|213|
|654|213|879|
|312|879|456|
-------------
|869|745|321|
|475|132|698|
|123|986|745|
-------------
|741|568|932|
|238|491|567|
|596|327|184|
-------------

-------------
|987|654|213|
|654|213|879|
|312|879|456|
-------------
|869|745|321|
|475|132|698|
|123|986|745|
-------------
|741|398|562|
|536|421|987|
|298|567|134|
-------------

-------------
|987|654|213|
|654|213|879|
|312|879|456|
-------------
|869|745|321|
|475|132|698|
|231|986|547|
-------------
|123|598|764|
|598|467|132|
|746|321|985|
-------------

-------------
|987|654|213|
|654|213|879|
|312|879|456|
-------------
|869|745|321|
|475|132|698|
|231|986|547|
-------------
|123|598|764|
|746|321|985|
|598|467|132|
-------------

-------------
|987|654|213|
|654|213|879|
|312|879|456|
-------------
|869|745|321|
|475|132|698|
|231|986|547|
-------------
|143|567|982|
|528|391|764|
|796|428|135|
-------------

-------------
|987|654|213|
|654|213|879|
|312|879|456|
-------------
|869|745|321|
|475|132|698|
|231|986|547|
-------------
|123|467|985|
|548|391|762|
|796|528|134|
-------------

-------------
|987|654|213|
|654|213|879|
|312|879|456|
-------------
|869|745|321|
|475|132|698|
|231|986|547|
-------------
|123|567|984|
|796|428|135|
|548|391|762|
-------------

-------------
|987|654|213|
|654|213|879|
|312|879|456|
-------------
|869|745|321|
|475|132|698|
|231|986|547|
-------------
|123|467|985|
|598|321|764|
|746|598|132|
-------------

-------------
|987|654|213|
|654|213|879|
|312|879|456|
-------------
|869|745|321|
|475|132|698|
|231|986|547|
-------------
|123|467|985|
|796|528|134|
|548|391|762|
-------------

-------------
|987|654|213|
|654|213|879|
|312|879|456|
-------------
|869|745|321|
|475|132|698|
|231|986|547|
-------------
|123|467|985|
|746|598|132|
|598|321|764|
-------------

-------------
|987|654|213|
|654|213|879|
|312|879|456|
-------------
|869|745|321|
|475|132|698|
|231|986|547|
-------------
|123|498|765|
|596|327|184|
|748|561|932|
-------------

-------------
|987|654|213|
|654|213|879|
|312|879|456|
-------------
|869|745|321|
|475|132|698|
|231|986|547|
-------------
|123|567|984|
|548|391|762|
|796|428|135|
-------------

-------------
|987|654|213|
|654|213|879|
|312|879|456|
-------------
|869|745|321|
|475|132|698|
|231|986|547|
-------------
|123|498|765|
|748|561|932|
|596|327|184|
-------------

-------------
|987|654|213|
|654|213|879|
|312|879|456|
-------------
|869|745|321|
|475|132|698|
|231|986|547|
-------------
|143|567|982|
|598|321|764|
|726|498|135|
-------------

-------------
|987|654|213|
|654|213|879|
|312|879|456|
-------------
|869|745|321|
|475|132|698|
|231|986|547|
-------------
|148|567|932|
|526|391|784|
|793|428|165|
-------------

-------------
|987|654|213|
|654|213|879|
|312|879|456|
-------------
|869|745|321|
|475|132|698|
|231|986|547|
-------------
|148|567|932|
|596|321|784|
|723|498|165|
-------------

-------------
|987|654|213|
|654|213|879|
|312|879|456|
-------------
|869|745|321|
|475|132|698|
|231|986|547|
-------------
|148|567|932|
|793|428|165|
|526|391|784|
-------------

-------------
|987|654|213|
|654|213|879|
|312|879|456|
-------------
|869|745|321|
|475|132|698|
|231|986|547|
-------------
|148|567|932|
|723|498|165|
|596|321|784|
-------------

-------------
|987|654|213|
|654|213|879|
|312|879|456|
-------------
|869|745|321|
|475|132|698|
|231|986|547|
-------------
|128|467|935|
|546|391|782|
|793|528|164|
-------------

-------------
|987|654|213|
|654|213|879|
|312|879|456|
-------------
|869|745|321|
|475|132|698|
|231|986|547|
-------------
|128|467|935|
|743|598|162|
|596|321|784|
-------------

-------------
|987|654|213|
|654|213|879|
|312|879|456|
-------------
|869|745|321|
|475|132|698|
|231|986|547|
-------------
|128|567|934|
|546|391|782|
|793|428|165|
-------------

-------------
|987|654|213|
|654|213|879|
|312|879|456|
-------------
|869|745|321|
|475|132|698|
|231|986|547|
-------------
|128|467|935|
|793|528|164|
|546|391|782|
-------------

-------------
|987|654|213|
|654|213|879|
|312|879|456|
-------------
|869|745|321|
|475|132|698|
|231|986|547|
-------------
|128|567|934|
|793|428|165|
|546|391|782|
-------------

-------------
|987|654|213|
|654|213|879|
|312|879|456|
-------------
|869|745|321|
|475|132|698|
|231|986|547|
-------------
|148|327|965|
|726|598|134|
|593|461|782|
-------------

-------------
|987|654|213|
|654|213|879|
|312|879|456|
-------------
|869|745|321|
|475|132|698|
|231|986|547|
-------------
|148|327|965|
|593|461|782|
|726|598|134|
-------------

-------------
|987|654|213|
|654|213|879|
|312|879|456|
-------------
|869|745|321|
|475|132|698|
|231|986|547|
-------------
|128|467|935|
|596|321|784|
|743|598|162|
-------------

-------------
|987|654|213|
|654|213|879|
|312|879|456|
-------------
|869|745|321|
|475|132|698|
|231|986|547|
-------------
|143|567|982|
|726|498|135|
|598|321|764|
-------------

-------------
|987|654|213|
|654|213|879|
|312|879|456|
-------------
|869|745|321|
|475|132|698|
|231|986|547|
-------------
|143|567|982|
|796|428|135|
|528|391|764|
-------------

-------------
|987|654|213|
|654|213|879|
|312|879|456|
-------------
|869|745|321|
|475|132|698|
|231|986|547|
-------------
|126|498|735|
|598|327|164|
|743|561|982|
-------------

-------------
|987|654|213|
|654|213|879|
|312|879|456|
-------------
|869|745|321|
|475|132|698|
|231|986|547|
-------------
|126|498|735|
|743|561|982|
|598|327|164|
-------------

-------------
|987|654|213|
|654|213|879|
|312|879|456|
-------------
|869|745|321|
|475|132|698|
|231|986|745|
-------------
|528|397|164|
|196|428|537|
|743|561|982|
-------------

-------------
|987|654|213|
|654|213|879|
|312|879|456|
-------------
|869|745|321|
|475|132|698|
|231|986|745|
-------------
|528|397|164|
|146|528|937|
|793|461|582|
-------------

-------------
|987|654|213|
|654|213|879|
|312|879|456|
-------------
|869|745|321|
|475|132|698|
|231|986|745|
-------------
|528|397|164|
|743|561|982|
|196|428|537|
-------------

-------------
|987|654|213|
|654|213|879|
|312|879|456|
-------------
|869|745|321|
|475|132|698|
|231|986|745|
-------------
|528|397|164|
|793|461|582|
|146|528|937|
-------------

-------------
|987|654|213|
|654|213|879|
|312|879|456|
-------------
|869|745|321|
|475|132|698|
|231|986|547|
-------------
|143|598|762|
|596|327|184|
|728|461|935|
-------------

-------------
|987|654|213|
|654|213|879|
|312|879|456|
-------------
|869|745|321|
|475|132|698|
|231|986|745|
-------------
|528|461|937|
|196|327|584|
|743|598|162|
-------------

-------------
|987|654|213|
|654|213|879|
|312|879|456|
-------------
|869|745|321|
|475|132|698|
|231|986|745|
-------------
|528|461|937|
|793|528|164|
|146|397|582|
-------------

-------------
|987|654|213|
|654|213|879|
|312|879|456|
-------------
|869|745|321|
|475|132|698|
|231|986|745|
-------------
|528|461|937|
|743|598|162|
|196|327|584|
-------------

-------------
|987|654|213|
|654|213|879|
|312|879|456|
-------------
|869|745|321|
|475|132|698|
|231|986|745|
-------------
|528|461|937|
|146|397|582|
|793|528|164|
-------------

-------------
|987|654|213|
|654|213|879|
|312|879|456|
-------------
|869|745|321|
|475|132|698|
|231|986|547|
-------------
|143|598|762|
|728|461|935|
|596|327|184|
-------------

-------------
|987|654|213|
|654|213|879|
|312|879|456|
-------------
|869|745|321|
|475|132|698|
|231|986|547|
-------------
|126|598|734|
|748|321|965|
|593|467|182|
-------------

-------------
|987|654|213|
|654|213|879|
|312|879|456|
-------------
|869|745|321|
|475|132|698|
|231|986|745|
-------------
|523|498|167|
|796|321|584|
|148|567|932|
-------------

-------------
|987|654|213|
|654|213|879|
|312|879|456|
-------------
|869|745|321|
|475|132|698|
|231|986|547|
-------------
|126|598|734|
|593|467|182|
|748|321|965|
-------------

-------------
|987|654|213|
|654|213|879|
|312|879|456|
-------------
|869|745|321|
|475|132|698|
|231|986|745|
-------------
|523|498|167|
|748|561|932|
|196|327|584|
-------------

-------------
|987|654|213|
|654|213|879|
|312|879|456|
-------------
|869|745|321|
|475|132|698|
|231|986|745|
-------------
|523|461|987|
|746|598|132|
|198|327|564|
-------------

-------------
|987|654|213|
|654|213|879|
|312|879|456|
-------------
|869|745|321|
|475|132|698|
|231|986|745|
-------------
|523|461|987|
|198|327|564|
|746|598|132|
-------------

-------------
|987|654|213|
|654|213|879|
|312|879|456|
-------------
|869|745|321|
|475|132|698|
|231|986|745|
-------------
|523|498|167|
|196|327|584|
|748|561|932|
-------------

-------------
|987|654|213|
|654|213|879|
|312|879|456|
-------------
|869|745|321|
|475|132|698|
|231|986|745|
-------------
|523|498|167|
|148|567|932|
|796|321|584|
-------------

-------------
|987|654|213|
|654|213|879|
|312|879|456|
-------------
|869|745|321|
|475|132|698|
|231|986|745|
-------------
|523|461|987|
|796|528|134|
|148|397|562|
-------------

-------------
|987|654|213|
|654|213|879|
|312|879|456|
-------------
|869|745|321|
|475|132|698|
|231|986|745|
-------------
|523|461|987|
|148|397|562|
|796|528|134|
-------------

-------------
|987|654|213|
|654|213|879|
|312|879|456|
-------------
|869|745|321|
|475|132|698|
|231|986|745|
-------------
|546|397|182|
|193|428|567|
|728|561|934|
-------------

-------------
|987|654|213|
|654|213|879|
|312|879|456|
-------------
|869|745|321|
|475|132|698|
|231|986|745|
-------------
|526|397|184|
|143|528|967|
|798|461|532|
-------------

-------------
|987|654|213|
|654|213|879|
|312|879|456|
-------------
|869|745|321|
|475|132|698|
|231|986|745|
-------------
|526|397|184|
|193|428|567|
|748|561|932|
-------------

-------------
|987|654|213|
|654|213|879|
|312|879|456|
-------------
|869|745|321|
|475|132|698|
|231|986|745|
-------------
|526|397|184|
|748|561|932|
|193|428|567|
-------------

-------------
|987|654|213|
|654|213|879|
|312|879|456|
-------------
|869|745|321|
|475|132|698|
|231|986|745|
-------------
|526|397|184|
|798|461|532|
|143|528|967|
-------------

-------------
|987|654|213|
|654|213|879|
|312|879|456|
-------------
|869|745|321|
|475|132|698|
|231|986|745|
-------------
|548|397|162|
|196|428|537|
|723|561|984|
-------------

-------------
|987|654|213|
|654|213|879|
|312|879|456|
-------------
|869|745|321|
|475|132|698|
|231|986|745|
-------------
|548|397|162|
|723|561|984|
|196|428|537|
-------------

-------------
|987|654|213|
|654|213|879|
|312|879|456|
-------------
|869|745|321|
|475|132|698|
|231|986|745|
-------------
|546|397|182|
|728|561|934|
|193|428|567|
-------------

-------------
|987|654|213|
|654|213|879|
|312|879|456|
-------------
|869|745|321|
|475|132|698|
|231|986|745|
-------------
|548|321|967|
|193|467|582|
|726|598|134|
-------------

-------------
|987|654|213|
|654|213|879|
|312|879|456|
-------------
|869|745|321|
|475|132|698|
|231|986|745|
-------------
|548|321|967|
|726|598|134|
|193|467|582|
-------------

-------------
|987|654|213|
|654|213|879|
|312|879|456|
-------------
|869|745|321|
|475|132|698|
|231|986|745|
-------------
|526|498|137|
|198|327|564|
|743|561|982|
-------------

-------------
|987|654|213|
|654|213|879|
|312|879|456|
-------------
|869|745|321|
|475|132|698|
|231|986|745|
-------------
|526|498|137|
|143|567|982|
|798|321|564|
-------------

-------------
|987|654|213|
|654|213|879|
|312|879|456|
-------------
|869|745|321|
|475|132|698|
|231|986|745|
-------------
|546|321|987|
|723|598|164|
|198|467|532|
-------------

-------------
|987|654|213|
|654|213|879|
|312|879|456|
-------------
|869|745|321|
|475|132|698|
|231|986|745|
-------------
|546|321|987|
|198|467|532|
|723|598|164|
-------------

-------------
|987|654|213|
|654|213|879|
|312|879|456|
-------------
|869|745|321|
|475|132|698|
|231|986|547|
-------------
|146|598|732|
|723|461|985|
|598|327|164|
-------------

-------------
|987|654|213|
|654|213|879|
|312|879|456|
-------------
|869|745|321|
|475|132|698|
|231|986|745|
-------------
|526|498|137|
|743|561|982|
|198|327|564|
-------------

-------------
|987|654|213|
|654|213|879|
|312|879|456|
-------------
|869|745|321|
|475|132|698|
|231|986|547|
-------------
|146|327|985|
|723|598|164|
|598|461|732|
-------------

-------------
|987|654|213|
|654|213|879|
|312|879|456|
-------------
|869|745|321|
|475|132|698|
|231|986|745|
-------------
|526|498|137|
|798|321|564|
|143|567|982|
-------------

-------------
|987|654|213|
|654|213|879|
|312|879|456|
-------------
|869|745|321|
|475|132|698|
|231|986|547|
-------------
|146|598|732|
|598|327|164|
|723|461|985|
-------------

-------------
|987|654|213|
|654|213|879|
|312|879|456|
-------------
|869|745|321|
|475|132|698|
|231|986|547|
-------------
|146|327|985|
|598|461|732|
|723|598|164|
-------------